,HDI Rank,Country,1991,1992,1993,1994,1995,1996,1997,1998,1999,2000,2001,2002,2003,2004,2005,2006,2007,2008,2009,2010,2011,2012,2013,2014,2015,2016,2017
0,168, Afghanistan,,,,,,,,,,,,0.373,0.38299999999999995,0.39799999999999996,0.408,0.41700000000000004,0.429,0.43700000000000006,0.45299999999999996,0.46299999999999997,0.47100000000000003,0.48200000000000004,0.48700000000000004,0.491,0.493,0.494,0.498
1,68, Albania,0.626,0.61,0.613,0.619,0.632,0.6409999999999999,0.6409999999999999,0.652,0.662,0.669,0.6759999999999999,0.682,0.6890000000000001,0.6940000000000001,0.7040000000000001,0.711,0.72,0.7240000000000001,0.7290000000000001,0.741,0.752,0.767,0.7709999999999999,0.773,0.7759999999999999,0.782,0.785
2,85, Algeria,0.581,0.5870000000000001,0.591,0.595,0.6,0.608,0.617,0.627,0.636,0.644,0.653,0.664,0.674,0.684,0.6920000000000001,0.698,0.7070000000000001,0.7090000000000001,0.7190000000000001,0.7290000000000001,0.736,0.74,0.745,0.747,0.7490000000000001,0.753,0.754
3,35, Andorra,,,,,,,,,,0.759,0.767,0.78,0.82,0.826,0.8190000000000001,0.8290000000000001,0.8290000000000001,0.831,0.83,0.828,0.8270000000000001,0.8490000000000001,0.85,0.853,0.8540000000000001,0.856,0.858
4,147, Angola,,,,,,,,,0.374,0.387,0.401,0.418,0.429,0.442,0.455,0.47100000000000003,0.49200000000000005,0.502,0.522,0.52,0.535,0.5429999999999999,0.5539999999999999,0.564,0.5720000000000001,0.5770000000000001,0.581
5,70, Antigua and Barbuda,,,,,,,,,,,,,,,0.7659999999999999,0.772,0.778,0.777,0.77,0.7659999999999999,0.762,0.765,0.768,0.77,0.775,0.778,0.78
6,47, Argentina,0.713,0.72,0.725,0.728,0.731,0.738,0.746,0.753,0.764,0.7709999999999999,0.7759999999999999,0.769,0.775,0.78,0.782,0.787,0.792,0.795,0.799,0.813,0.8190000000000001,0.818,0.82,0.82,0.8220000000000001,0.8220000000000001,0.825
7,83, Armenia,0.628,0.58,0.588,0.599,0.605,0.612,0.623,0.636,0.642,0.647,0.652,0.6629999999999999,0.672,0.68,0.693,0.706,0.72,0.727,0.7240000000000001,0.728,0.731,0.737,0.742,0.745,0.748,0.7490000000000001,0.755
8,3, Australia,0.867,0.868,0.872,0.875,0.883,0.8859999999999999,0.889,0.892,0.895,0.898,0.9,0.903,0.904,0.907,0.9079999999999999,0.9109999999999999,0.915,0.92,0.9209999999999999,0.9229999999999999,0.925,0.929,0.9309999999999999,0.9329999999999999,0.9359999999999999,0.938,0.9390000000000001
9,20, Austria,0.8,0.805,0.807,0.813,0.8170000000000001,0.82,0.8240000000000001,0.835,0.8340000000000001,0.838,0.8490000000000001,0.838,0.8420000000000001,0.8490000000000001,0.855,0.861,0.8809999999999999,0.884,0.8859999999999999,0.895,0.897,0.899,0.897,0.9009999999999999,0.903,0.9059999999999999,0.9079999999999999
10,80, Azerbaijan,,,,,0.612,0.612,0.617,0.626,0.633,0.64,0.648,0.657,0.6659999999999999,0.674,0.679,0.7040000000000001,0.7090000000000001,0.7190000000000001,0.736,0.74,0.741,0.745,0.752,0.758,0.758,0.757,0.757
11,54, Bahamas,,,,,,,,,,0.7759999999999999,0.779,0.7809999999999999,0.782,0.784,0.7859999999999999,0.7879999999999999,0.789,0.79,0.787,0.789,0.7929999999999999,0.807,0.807,0.807,0.807,0.8059999999999999,0.807
12,43, Bahrain,0.752,0.757,0.765,0.769,0.775,0.778,0.779,0.7829999999999999,0.7859999999999999,0.792,0.792,0.7909999999999999,0.7929999999999999,0.792,0.7909999999999999,0.7929999999999999,0.7959999999999999,0.7959999999999999,0.794,0.7959999999999999,0.7979999999999999,0.8,0.807,0.81,0.8320000000000001,0.846,0.846
13,136, Bangladesh,0.39399999999999996,0.402,0.409,0.41700000000000004,0.425,0.433,0.442,0.451,0.46,0.46799999999999997,0.47700000000000004,0.483,0.49,0.49700000000000005,0.505,0.513,0.52,0.523,0.535,0.545,0.557,0.5670000000000001,0.575,0.583,0.5920000000000001,0.597,0.608
14,58, Barbados,0.718,0.718,0.721,0.727,0.731,0.735,0.74,0.736,0.743,0.752,0.7509999999999999,0.754,0.759,0.762,0.767,0.772,0.777,0.7809999999999999,0.7829999999999999,0.782,0.787,0.795,0.7959999999999999,0.7959999999999999,0.797,0.799,0.8
15,53, Belarus,,,,,0.657,0.6609999999999999,0.667,0.6709999999999999,0.6759999999999999,0.6829999999999999,0.6890000000000001,0.696,0.705,0.715,0.725,0.741,0.757,0.774,0.784,0.792,0.7979999999999999,0.8029999999999999,0.804,0.807,0.805,0.805,0.8079999999999999
16,17, Belgium,0.81,0.825,0.8390000000000001,0.845,0.852,0.857,0.862,0.866,0.868,0.873,0.8759999999999999,0.879,0.882,0.885,0.889,0.8959999999999999,0.899,0.899,0.899,0.903,0.904,0.905,0.9079999999999999,0.909,0.9129999999999999,0.915,0.9159999999999999
17,106, Belize,0.6509999999999999,0.657,0.6609999999999999,0.6609999999999999,0.662,0.662,0.664,0.6659999999999999,0.67,0.677,0.679,0.685,0.6920000000000001,0.696,0.693,0.7,0.6990000000000001,0.7,0.6990000000000001,0.6990000000000001,0.7020000000000001,0.706,0.705,0.706,0.7090000000000001,0.7090000000000001,0.708
18,163, Benin,0.354,0.358,0.365,0.368,0.373,0.377,0.381,0.385,0.391,0.39799999999999996,0.41,0.419,0.426,0.434,0.44,0.447,0.455,0.462,0.46799999999999997,0.473,0.479,0.489,0.5,0.505,0.508,0.512,0.515
19,134, Bhutan,,,,,,,,,,,,,,,0.51,0.521,0.535,0.5429999999999999,0.5539999999999999,0.5660000000000001,0.575,0.585,0.589,0.599,0.603,0.609,0.612
20,118, Bolivia (Plurinational State of),0.5429999999999999,0.55,0.557,0.564,0.5710000000000001,0.578,0.58,0.591,0.6,0.608,0.611,0.617,0.621,0.622,0.624,0.63,0.631,0.64,0.647,0.649,0.655,0.662,0.6679999999999999,0.675,0.6809999999999999,0.6890000000000001,0.693
21,77, Bosnia and Herzegovina,,,,,,,,,,0.672,0.677,0.6829999999999999,0.688,0.6940000000000001,0.7,0.706,0.7120000000000001,0.7190000000000001,0.72,0.713,0.721,0.7390000000000001,0.747,0.754,0.755,0.7659999999999999,0.768
22,101, Botswana,0.588,0.5870000000000001,0.585,0.575,0.5770000000000001,0.5710000000000001,0.57,0.5670000000000001,0.5660000000000001,0.565,0.5670000000000001,0.5660000000000001,0.575,0.584,0.596,0.611,0.625,0.639,0.648,0.66,0.6729999999999999,0.6829999999999999,0.693,0.701,0.706,0.7120000000000001,0.7170000000000001
23,79, Brazil,0.615,0.622,0.63,0.64,0.648,0.6559999999999999,0.664,0.67,0.6759999999999999,0.684,0.691,0.698,0.695,0.698,0.7,0.7020000000000001,0.705,0.716,0.718,0.727,0.731,0.736,0.748,0.752,0.757,0.758,0.759
24,39, Brunei Darussalam,0.787,0.792,0.797,0.8009999999999999,0.805,0.807,0.81,0.812,0.818,0.8190000000000001,0.82,0.823,0.828,0.8340000000000001,0.838,0.84,0.84,0.84,0.8420000000000001,0.8420000000000001,0.846,0.852,0.853,0.853,0.852,0.852,0.853
25,51, Bulgaria,0.691,0.691,0.69,0.691,0.696,0.7020000000000001,0.7040000000000001,0.7090000000000001,0.708,0.7120000000000001,0.722,0.7290000000000001,0.738,0.745,0.75,0.7559999999999999,0.764,0.7709999999999999,0.774,0.779,0.782,0.7859999999999999,0.792,0.797,0.807,0.81,0.813
26,183, Burkina Faso,,,,,,,,,,0.28600000000000003,0.29,0.29600000000000004,0.303,0.312,0.324,0.33299999999999996,0.344,0.35700000000000004,0.366,0.375,0.385,0.39399999999999996,0.401,0.405,0.41200000000000003,0.42,0.423
27,185, Burundi,0.3,0.297,0.299,0.298,0.29600000000000004,0.294,0.29600000000000004,0.3,0.3,0.303,0.302,0.31,0.316,0.324,0.33,0.35,0.361,0.37200000000000005,0.387,0.395,0.40299999999999997,0.408,0.414,0.42100000000000004,0.418,0.418,0.41700000000000004
28,125, Cabo Verde,,,,,,,,,,0.57,0.575,0.585,0.589,0.5920000000000001,0.598,0.613,0.619,0.625,0.626,0.629,0.635,0.636,0.642,0.644,0.647,0.652,0.654
29,146, Cambodia,0.368,0.373,0.377,0.38,0.387,0.391,0.397,0.402,0.40700000000000003,0.42,0.434,0.45299999999999996,0.466,0.478,0.49,0.502,0.513,0.521,0.521,0.537,0.546,0.5529999999999999,0.56,0.5660000000000001,0.5710000000000001,0.5760000000000001,0.5820000000000001
30,151, Cameroon,0.436,0.43200000000000005,0.426,0.423,0.42200000000000004,0.42200000000000004,0.42200000000000004,0.428,0.426,0.431,0.44799999999999995,0.451,0.45799999999999996,0.46399999999999997,0.466,0.47200000000000003,0.484,0.49200000000000005,0.499,0.506,0.515,0.526,0.535,0.5429999999999999,0.5479999999999999,0.5529999999999999,0.556
31,12, Canada,0.853,0.856,0.8540000000000001,0.8590000000000001,0.861,0.863,0.862,0.861,0.8640000000000001,0.867,0.872,0.877,0.882,0.887,0.892,0.895,0.897,0.899,0.899,0.902,0.905,0.9079999999999999,0.9109999999999999,0.9179999999999999,0.92,0.922,0.9259999999999999
32,188, Central African Republic,0.312,0.299,0.299,0.301,0.303,0.3,0.302,0.304,0.308,0.309,0.311,0.312,0.311,0.315,0.319,0.325,0.331,0.337,0.34299999999999997,0.35100000000000003,0.358,0.365,0.344,0.349,0.35700000000000004,0.36200000000000004,0.36700000000000005
33,186, Chad,,,,,,,,,,0.299,0.306,0.311,0.309,0.32299999999999995,0.33,0.332,0.342,0.348,0.363,0.371,0.382,0.391,0.397,0.40299999999999997,0.40700000000000003,0.405,0.40399999999999997
34,44, Chile,0.711,0.7190000000000001,0.713,0.718,0.727,0.7340000000000001,0.741,0.747,0.753,0.759,0.7659999999999999,0.768,0.774,0.7829999999999999,0.7879999999999999,0.7879999999999999,0.795,0.8059999999999999,0.804,0.8079999999999999,0.8140000000000001,0.8190000000000001,0.828,0.833,0.84,0.8420000000000001,0.843
35,86, China,0.51,0.521,0.531,0.541,0.55,0.5589999999999999,0.568,0.5760000000000001,0.585,0.594,0.602,0.611,0.623,0.635,0.647,0.6609999999999999,0.675,0.685,0.6940000000000001,0.706,0.7140000000000001,0.722,0.7290000000000001,0.738,0.743,0.748,0.752
36,90, Colombia,0.595,0.606,0.612,0.619,0.625,0.634,0.642,0.649,0.649,0.653,0.6559999999999999,0.6579999999999999,0.657,0.6709999999999999,0.6829999999999999,0.691,0.7040000000000001,0.71,0.715,0.7190000000000001,0.725,0.725,0.735,0.738,0.742,0.747,0.747
37,165, Comoros,,,,,,,,,,,,,,0.449,0.455,0.461,0.466,0.47,0.47600000000000003,0.48200000000000004,0.48700000000000004,0.493,0.499,0.501,0.502,0.502,0.503
38,137, Congo,0.535,0.535,0.528,0.524,0.507,0.504,0.505,0.509,0.496,0.49,0.495,0.49700000000000005,0.498,0.501,0.5,0.503,0.52,0.536,0.55,0.557,0.56,0.573,0.5820000000000001,0.595,0.613,0.612,0.606
39,176, Congo (Democratic Republic of the),0.353,,0.34,0.33399999999999996,0.33299999999999996,0.337,0.33399999999999996,0.33399999999999996,0.331,0.33299999999999996,0.33299999999999996,0.34,0.349,0.35700000000000004,0.364,0.37200000000000005,0.379,0.39,0.397,0.40700000000000003,0.415,0.42,0.426,0.436,0.444,0.452,0.457
40,63, Costa Rica,0.6609999999999999,0.67,0.677,0.682,0.687,0.691,0.6970000000000001,0.703,0.7070000000000001,0.711,0.7140000000000001,0.7170000000000001,0.721,0.725,0.728,0.7340000000000001,0.742,0.75,0.752,0.754,0.76,0.772,0.7759999999999999,0.78,0.7879999999999999,0.7909999999999999,0.794
41,46, Croatia,0.665,0.664,0.6659999999999999,0.68,0.696,0.7090000000000001,0.7190000000000001,0.731,0.7390000000000001,0.75,0.759,0.7659999999999999,0.7709999999999999,0.778,0.7829999999999999,0.7929999999999999,0.8,0.8029999999999999,0.802,0.8079999999999999,0.815,0.816,0.821,0.8240000000000001,0.8270000000000001,0.828,0.831
42,73, Cuba,0.67,0.6629999999999999,0.6559999999999999,0.652,0.654,0.665,0.669,0.672,0.679,0.6859999999999999,0.6920000000000001,0.6940000000000001,0.7040000000000001,0.718,0.731,0.753,0.77,0.78,0.782,0.779,0.778,0.767,0.765,0.768,0.772,0.774,0.777
43,32, Cyprus,0.735,0.74,0.777,0.7809999999999999,0.7859999999999999,0.789,0.792,0.8,0.799,0.802,0.807,0.816,0.8240000000000001,0.828,0.831,0.8370000000000001,0.846,0.852,0.856,0.85,0.853,0.852,0.853,0.856,0.86,0.867,0.8690000000000001
44,27, Czechia,0.726,0.728,0.735,0.7440000000000001,0.753,0.768,0.774,0.775,0.785,0.7959999999999999,0.8059999999999999,0.813,0.8220000000000001,0.825,0.835,0.843,0.85,0.8540000000000001,0.857,0.862,0.865,0.865,0.8740000000000001,0.879,0.882,0.885,0.888
45,170,Côte d'Ivoire,0.387,0.387,0.386,0.386,0.387,0.38799999999999996,0.391,0.389,0.392,0.39399999999999996,0.396,0.39899999999999997,0.402,0.40700000000000003,0.413,0.418,0.424,0.43,0.43700000000000006,0.442,0.445,0.45399999999999996,0.462,0.465,0.478,0.486,0.49200000000000005
46,11, Denmark,0.804,0.809,0.815,0.8240000000000001,0.831,0.8370000000000001,0.843,0.8490000000000001,0.861,0.863,0.8759999999999999,0.883,0.894,0.898,0.903,0.905,0.904,0.909,0.9059999999999999,0.91,0.922,0.924,0.9309999999999999,0.9279999999999999,0.9259999999999999,0.9279999999999999,0.929
47,172, Djibouti,,,,,0.355,0.353,0.35700000000000004,0.359,0.36200000000000004,0.363,0.37200000000000005,0.37799999999999995,0.38799999999999996,0.396,0.405,0.41600000000000004,0.426,0.435,0.441,0.449,0.45399999999999996,0.45899999999999996,0.46299999999999997,0.467,0.47,0.474,0.47600000000000003
48,103, Dominica,,,,,,,,,,0.693,0.6970000000000001,0.696,0.7020000000000001,0.7040000000000001,0.705,0.711,0.715,0.72,0.72,0.722,0.722,0.721,0.721,0.7240000000000001,0.721,0.718,0.715
49,94, Dominican Republic,0.603,0.612,0.618,0.623,0.629,0.635,0.6409999999999999,0.6459999999999999,0.6509999999999999,0.657,0.66,0.664,0.6659999999999999,0.6679999999999999,0.675,0.682,0.691,0.695,0.696,0.703,0.706,0.71,0.713,0.718,0.7290000000000001,0.733,0.736
50,86, Ecuador,0.6459999999999999,0.65,0.654,0.6579999999999999,0.662,0.664,0.6679999999999999,0.6709999999999999,0.6679999999999999,0.67,0.675,0.679,0.682,0.688,0.693,0.696,0.698,0.711,0.7120000000000001,0.715,0.721,0.726,0.7340000000000001,0.742,0.743,0.7490000000000001,0.752
51,115, Egypt,0.55,0.557,0.562,0.569,0.5760000000000001,0.584,0.591,0.5920000000000001,0.605,0.611,0.616,0.62,0.622,0.628,0.634,0.642,0.65,0.6579999999999999,0.66,0.665,0.6679999999999999,0.675,0.68,0.6829999999999999,0.691,0.6940000000000001,0.696
52,121, El Salvador,0.534,0.546,0.557,0.5670000000000001,0.5770000000000001,0.585,0.595,0.604,0.607,0.615,0.62,0.628,0.635,0.643,0.6509999999999999,0.659,0.6559999999999999,0.659,0.659,0.6709999999999999,0.6659999999999999,0.67,0.6709999999999999,0.67,0.674,0.679,0.674
53,141, Equatorial Guinea,,,,,,,,,,0.516,0.532,0.525,0.539,0.53,0.5670000000000001,0.578,0.585,0.586,0.589,0.581,0.584,0.589,0.59,0.59,0.593,0.593,0.591
54,179, Eritrea,,,,,,,,,,,,,,,0.408,0.409,0.41100000000000003,0.40700000000000003,0.41600000000000004,0.41600000000000004,0.41700000000000004,0.42200000000000004,0.425,0.428,0.433,0.436,0.44
55,30, Estonia,0.728,0.7190000000000001,0.7120000000000001,0.716,0.727,0.738,0.7509999999999999,0.763,0.769,0.78,0.79,0.799,0.8059999999999999,0.8140000000000001,0.825,0.8320000000000001,0.8390000000000001,0.841,0.8390000000000001,0.845,0.853,0.8590000000000001,0.862,0.8640000000000001,0.866,0.868,0.871
56,144, Eswatini (Kingdom of),0.537,0.536,0.531,0.524,0.52,0.513,0.504,0.49200000000000005,0.483,0.47100000000000003,0.46399999999999997,0.455,0.45399999999999996,0.465,0.48,0.496,0.507,0.517,0.527,0.5379999999999999,0.55,0.561,0.5720000000000001,0.58,0.584,0.586,0.588
57,173, Ethiopia,,,,,,,,,,0.28300000000000003,0.298,0.306,0.31,0.325,0.34600000000000003,0.36200000000000004,0.37799999999999995,0.39399999999999996,0.401,0.41200000000000003,0.423,0.43,0.43799999999999994,0.445,0.451,0.457,0.46299999999999997
58,92, Fiji,0.6509999999999999,0.655,0.659,0.6659999999999999,0.6729999999999999,0.6759999999999999,0.675,0.6759999999999999,0.6809999999999999,0.6829999999999999,0.687,0.6890000000000001,0.691,0.6990000000000001,0.695,0.698,0.7020000000000001,0.703,0.7070000000000001,0.711,0.7170000000000001,0.7190000000000001,0.727,0.73,0.738,0.738,0.741
59,15, Finland,0.787,0.795,0.799,0.809,0.816,0.823,0.8320000000000001,0.84,0.848,0.858,0.8640000000000001,0.867,0.87,0.8909999999999999,0.895,0.899,0.9009999999999999,0.904,0.899,0.903,0.907,0.9079999999999999,0.912,0.914,0.915,0.9179999999999999,0.92
60,24, France,0.7879999999999999,0.7979999999999999,0.804,0.818,0.825,0.83,0.8340000000000001,0.8390000000000001,0.845,0.8490000000000001,0.851,0.853,0.857,0.86,0.8690000000000001,0.8740000000000001,0.8759999999999999,0.878,0.878,0.882,0.884,0.8859999999999999,0.889,0.894,0.898,0.899,0.9009999999999999
61,110, Gabon,0.625,0.624,0.626,0.63,0.632,0.634,0.637,0.64,0.636,0.633,0.636,0.639,0.6409999999999999,0.6409999999999999,0.647,0.647,0.652,0.653,0.6609999999999999,0.665,0.67,0.6779999999999999,0.687,0.693,0.6940000000000001,0.698,0.7020000000000001
62,174, Gambia,0.337,0.342,0.34600000000000003,0.349,0.353,0.36,0.364,0.371,0.37799999999999995,0.385,0.39299999999999996,0.397,0.40299999999999997,0.41200000000000003,0.41600000000000004,0.42100000000000004,0.42700000000000005,0.435,0.43799999999999994,0.441,0.44,0.445,0.45299999999999996,0.45399999999999996,0.457,0.457,0.46
63,70, Georgia,,,,,,,,,,0.6729999999999999,0.6779999999999999,0.684,0.693,0.701,0.7120000000000001,0.718,0.73,0.728,0.731,0.735,0.741,0.75,0.757,0.765,0.7709999999999999,0.7759999999999999,0.78
64,5, Germany,0.809,0.8140000000000001,0.8240000000000001,0.8290000000000001,0.8340000000000001,0.8390000000000001,0.8440000000000001,0.85,0.855,0.868,0.877,0.883,0.889,0.897,0.903,0.9109999999999999,0.915,0.917,0.917,0.9209999999999999,0.9259999999999999,0.9279999999999999,0.9279999999999999,0.93,0.9329999999999999,0.934,0.9359999999999999
65,140, Ghana,0.46,0.46399999999999997,0.46799999999999997,0.47,0.473,0.474,0.47600000000000003,0.47700000000000004,0.48,0.484,0.483,0.489,0.49,0.498,0.509,0.519,0.53,0.542,0.547,0.5539999999999999,0.563,0.57,0.5770000000000001,0.5760000000000001,0.585,0.588,0.5920000000000001
66,31, Greece,0.763,0.764,0.762,0.7659999999999999,0.768,0.772,0.777,0.787,0.789,0.7959999999999999,0.8059999999999999,0.818,0.825,0.835,0.845,0.851,0.8490000000000001,0.857,0.858,0.856,0.852,0.8540000000000001,0.856,0.8640000000000001,0.866,0.868,0.87
67,75, Grenada,,,,,,,,,,,,0.7020000000000001,0.711,0.713,0.727,0.7290000000000001,0.735,0.7390000000000001,0.738,0.743,0.747,0.7490000000000001,0.754,0.7609999999999999,0.767,0.77,0.772
68,127, Guatemala,0.483,0.49,0.495,0.5,0.507,0.515,0.523,0.531,0.539,0.546,0.5539999999999999,0.56,0.564,0.5670000000000001,0.5710000000000001,0.579,0.59,0.598,0.604,0.611,0.619,0.613,0.616,0.643,0.645,0.649,0.65
69,175, Guinea,0.28,0.28300000000000003,0.287,0.29100000000000004,0.295,0.299,0.307,0.314,0.322,0.32899999999999996,0.336,0.345,0.336,0.361,0.371,0.38,0.39,0.396,0.39899999999999997,0.40399999999999997,0.418,0.428,0.435,0.44,0.44299999999999995,0.449,0.45899999999999996
70,177, Guinea-Bissau,,,,,,,,,,,,,,,0.396,0.40399999999999997,0.409,0.415,0.42100000000000004,0.426,0.435,0.43700000000000006,0.44,0.445,0.449,0.45299999999999996,0.455
71,125, Guyana,0.5329999999999999,0.5479999999999999,0.562,0.5720000000000001,0.578,0.589,0.594,0.597,0.6,0.604,0.607,0.609,0.605,0.611,0.614,0.614,0.618,0.621,0.624,0.63,0.639,0.642,0.645,0.648,0.6509999999999999,0.652,0.654
72,168, Haiti,0.409,0.406,0.414,0.41700000000000004,0.418,0.42700000000000005,0.431,0.435,0.439,0.442,0.444,0.446,0.449,0.45,0.45299999999999996,0.45799999999999996,0.462,0.466,0.47,0.47,0.47700000000000004,0.48100000000000004,0.486,0.49,0.493,0.496,0.498
73,133, Honduras,0.509,0.513,0.521,0.524,0.529,0.534,0.541,0.546,0.5489999999999999,0.5539999999999999,0.5589999999999999,0.563,0.568,0.574,0.58,0.586,0.593,0.59,0.591,0.596,0.598,0.597,0.6,0.603,0.609,0.614,0.617
74,7," Hong Kong, China (SAR)",0.7859999999999999,0.7909999999999999,0.799,0.804,0.8079999999999999,0.8109999999999999,0.816,0.8170000000000001,0.821,0.8270000000000001,0.835,0.8420000000000001,0.851,0.862,0.871,0.883,0.887,0.8959999999999999,0.898,0.9009999999999999,0.904,0.9109999999999999,0.915,0.9229999999999999,0.927,0.93,0.9329999999999999
75,45, Hungary,0.701,,0.7190000000000001,0.733,0.741,0.746,0.747,0.754,0.7609999999999999,0.769,0.777,0.784,0.792,0.795,0.804,0.8109999999999999,0.813,0.818,0.818,0.823,0.8270000000000001,0.83,0.835,0.833,0.8340000000000001,0.835,0.838
76,6, Iceland,0.815,0.818,0.818,0.823,0.826,0.831,0.84,0.8490000000000001,0.853,0.86,0.866,0.875,0.8809999999999999,0.885,0.889,0.8909999999999999,0.897,0.89,0.89,0.8909999999999999,0.9009999999999999,0.909,0.92,0.925,0.927,0.9329999999999999,0.935
77,130, India,0.43200000000000005,0.43799999999999994,0.445,0.452,0.46,0.467,0.473,0.48,0.488,0.493,0.498,0.504,0.517,0.526,0.535,0.545,0.556,0.564,0.57,0.581,0.591,0.6,0.607,0.618,0.627,0.636,0.64
78,116, Indonesia,0.5329999999999999,0.539,0.545,0.555,0.564,0.5770000000000001,0.59,0.59,0.598,0.606,0.612,0.618,0.624,0.629,0.632,0.6409999999999999,0.642,0.6459999999999999,0.6559999999999999,0.6609999999999999,0.669,0.675,0.6809999999999999,0.6829999999999999,0.6859999999999999,0.691,0.6940000000000001
79,60, Iran (Islamic Republic of),0.594,0.608,0.62,0.629,0.64,0.647,0.653,0.659,0.664,0.67,0.6779999999999999,0.6829999999999999,0.6890000000000001,0.691,0.695,0.731,0.736,0.741,0.747,0.755,0.7659999999999999,0.7809999999999999,0.784,0.7879999999999999,0.789,0.7959999999999999,0.7979999999999999
80,120, Iraq,0.527,0.541,0.561,0.561,0.5529999999999999,0.573,0.5820000000000001,0.596,0.603,0.607,0.614,0.616,0.603,0.628,0.631,0.636,0.638,0.643,0.6459999999999999,0.649,0.6559999999999999,0.659,0.6659999999999999,0.6659999999999999,0.6679999999999999,0.672,0.685
81,4, Ireland,0.767,0.773,0.7809999999999999,0.789,0.795,0.8009999999999999,0.809,0.84,0.8490000000000001,0.857,0.863,0.871,0.88,0.89,0.8959999999999999,0.902,0.9079999999999999,0.9079999999999999,0.9059999999999999,0.909,0.895,0.902,0.9109999999999999,0.9209999999999999,0.929,0.934,0.938
82,22, Israel,0.8,0.807,0.812,0.818,0.823,0.828,0.835,0.843,0.85,0.853,0.857,0.865,0.865,0.868,0.872,0.872,0.8809999999999999,0.88,0.882,0.887,0.892,0.893,0.895,0.899,0.9009999999999999,0.902,0.903
83,28, Italy,0.774,0.78,0.7859999999999999,0.794,0.8,0.8059999999999999,0.8140000000000001,0.8190000000000001,0.8240000000000001,0.83,0.8370000000000001,0.8420000000000001,0.847,0.852,0.857,0.862,0.866,0.868,0.868,0.87,0.875,0.8740000000000001,0.8759999999999999,0.8740000000000001,0.8759999999999999,0.878,0.88
84,97, Jamaica,0.639,0.645,0.653,0.655,0.657,0.66,0.6609999999999999,0.662,0.664,0.662,0.6729999999999999,0.677,0.6729999999999999,0.691,0.695,0.7,0.705,0.708,0.7090000000000001,0.7120000000000001,0.715,0.721,0.726,0.728,0.73,0.732,0.732
85,19, Japan,0.821,0.8240000000000001,0.8290000000000001,0.835,0.84,0.845,0.848,0.847,0.85,0.855,0.8590000000000001,0.862,0.865,0.8690000000000001,0.873,0.877,0.88,0.8809999999999999,0.88,0.885,0.89,0.895,0.899,0.903,0.905,0.907,0.909
86,95, Jordan,0.627,0.648,0.659,0.67,0.684,0.6859999999999999,0.6890000000000001,0.693,0.6970000000000001,0.7020000000000001,0.708,0.713,0.7190000000000001,0.726,0.7290000000000001,0.732,0.735,0.736,0.7340000000000001,0.728,0.726,0.726,0.727,0.73,0.733,0.735,0.735
87,58, Kazakhstan,0.684,,0.675,0.667,0.664,0.6659999999999999,0.669,0.672,0.6759999999999999,0.685,0.7,0.713,0.725,0.737,0.747,0.754,0.759,0.759,0.763,0.765,0.772,0.7809999999999999,0.7879999999999999,0.7929999999999999,0.797,0.797,0.8
88,142, Kenya,0.466,0.46299999999999997,0.45799999999999996,0.457,0.456,0.455,0.45299999999999996,0.452,0.451,0.451,0.456,0.456,0.46799999999999997,0.48,0.49,0.505,0.514,0.523,0.5329999999999999,0.5429999999999999,0.552,0.5589999999999999,0.5660000000000001,0.5720000000000001,0.578,0.585,0.59
89,134, Kiribati,,,,,,,,,,0.552,0.5670000000000001,0.5660000000000001,0.57,0.568,0.585,0.58,0.5820000000000001,0.585,0.584,0.59,0.59,0.598,0.609,0.616,0.621,0.61,0.612
90,22, Korea (Republic of),0.7390000000000001,0.746,0.7559999999999999,0.767,0.778,0.789,0.8,0.797,0.8079999999999999,0.8170000000000001,0.8240000000000001,0.8320000000000001,0.8390000000000001,0.847,0.855,0.862,0.8690000000000001,0.8740000000000001,0.8690000000000001,0.884,0.888,0.89,0.893,0.8959999999999999,0.898,0.9,0.903
91,56, Kuwait,0.6729999999999999,0.6659999999999999,0.695,0.721,0.747,0.772,0.775,0.7809999999999999,0.7859999999999999,0.7859999999999999,0.7859999999999999,0.7879999999999999,0.7909999999999999,0.789,0.7829999999999999,0.7879999999999999,0.7879999999999999,0.789,0.79,0.792,0.794,0.7959999999999999,0.795,0.799,0.802,0.804,0.8029999999999999
92,122, Kyrgyzstan,0.611,0.601,0.588,0.569,0.563,0.568,0.5760000000000001,0.58,0.5870000000000001,0.594,0.602,0.604,0.611,0.615,0.616,0.621,0.628,0.631,0.636,0.636,0.639,0.649,0.6579999999999999,0.6629999999999999,0.6659999999999999,0.669,0.672
93,139, Lao People's Democratic Republic,0.405,0.41100000000000003,0.41700000000000004,0.426,0.428,0.441,0.44799999999999995,0.455,0.462,0.466,0.47200000000000003,0.48,0.489,0.49700000000000005,0.506,0.512,0.521,0.529,0.539,0.546,0.5579999999999999,0.569,0.579,0.586,0.593,0.598,0.601
94,41, Latvia,0.6990000000000001,0.6779999999999999,0.667,0.6679999999999999,0.6729999999999999,0.68,0.6920000000000001,0.705,0.716,0.728,0.745,0.76,0.774,0.7879999999999999,0.802,0.809,0.818,0.821,0.818,0.816,0.821,0.8240000000000001,0.833,0.838,0.841,0.8440000000000001,0.847
95,80, Lebanon,,,,,,,,,,,,,,,0.732,0.731,0.743,0.75,0.7559999999999999,0.758,0.76,0.7509999999999999,0.7509999999999999,0.7509999999999999,0.752,0.753,0.757
96,159, Lesotho,0.499,0.499,0.495,0.495,0.49200000000000005,0.48700000000000004,0.48,0.478,0.469,0.467,0.461,0.45799999999999996,0.46,0.46,0.461,0.466,0.473,0.48,0.489,0.493,0.498,0.505,0.505,0.509,0.511,0.516,0.52
97,181, Liberia,,,,,,,,,0.35,0.387,0.377,0.374,0.335,0.373,0.37799999999999995,0.38299999999999995,0.39399999999999996,0.39899999999999997,0.40399999999999997,0.40700000000000003,0.41700000000000004,0.42,0.429,0.431,0.43200000000000005,0.43200000000000005,0.435
98,108, Libya,0.688,0.6920000000000001,0.695,0.7,0.7040000000000001,0.7090000000000001,0.715,0.718,0.722,0.727,0.731,0.735,0.743,0.743,0.747,0.7509999999999999,0.752,0.757,0.755,0.755,0.7070000000000001,0.741,0.7070000000000001,0.695,0.6940000000000001,0.693,0.706
99,17, Liechtenstein,,,,,,,,,,0.862,0.868,0.873,0.878,0.883,0.8859999999999999,0.89,0.893,0.899,0.899,0.904,0.909,0.9129999999999999,0.912,0.9109999999999999,0.912,0.915,0.9159999999999999
100,35, Lithuania,0.728,0.713,0.701,0.6970000000000001,0.703,0.7120000000000001,0.7240000000000001,0.736,0.7440000000000001,0.7559999999999999,0.768,0.779,0.7909999999999999,0.7979999999999999,0.809,0.8170000000000001,0.825,0.831,0.8220000000000001,0.8240000000000001,0.828,0.831,0.836,0.851,0.852,0.855,0.858
101,21, Luxembourg,0.79,0.795,0.799,0.8029999999999999,0.8079999999999999,0.8170000000000001,0.826,0.8340000000000001,0.8490000000000001,0.855,0.861,0.863,0.8640000000000001,0.872,0.878,0.8809999999999999,0.888,0.89,0.883,0.889,0.892,0.892,0.892,0.895,0.899,0.904,0.904
102,161, Madagascar,,,,,,,,,,0.456,0.462,0.457,0.466,0.47200000000000003,0.479,0.484,0.491,0.5,0.503,0.504,0.504,0.507,0.509,0.512,0.514,0.517,0.519
103,171, Malawi,0.34600000000000003,0.355,0.363,0.364,0.39799999999999996,0.385,0.40399999999999997,0.40399999999999997,0.405,0.39899999999999997,0.4,0.37,0.374,0.375,0.38,0.389,0.4,0.41700000000000004,0.431,0.441,0.45,0.455,0.461,0.46799999999999997,0.47,0.474,0.47700000000000004
104,57, Malaysia,0.652,0.66,0.6679999999999999,0.675,0.6829999999999999,0.695,0.706,0.71,0.716,0.725,0.723,0.725,0.731,0.7340000000000001,0.731,0.737,0.75,0.7609999999999999,0.765,0.772,0.778,0.7809999999999999,0.785,0.79,0.795,0.799,0.802
105,101, Maldives,,,,,0.539,0.5529999999999999,0.568,0.58,0.595,0.606,0.61,0.615,0.63,0.635,0.631,0.643,0.6509999999999999,0.66,0.66,0.6709999999999999,0.682,0.688,0.696,0.705,0.71,0.7120000000000001,0.7170000000000001
106,182, Mali,0.23800000000000002,0.243,0.249,0.256,0.262,0.271,0.281,0.29100000000000004,0.302,0.308,0.321,0.33,0.34299999999999997,0.35200000000000004,0.363,0.37200000000000005,0.36700000000000005,0.39,0.39799999999999996,0.40299999999999997,0.408,0.408,0.408,0.414,0.418,0.42100000000000004,0.42700000000000005
107,29, Malta,0.745,0.7490000000000001,0.753,0.7559999999999999,0.759,0.763,0.768,0.7759999999999999,0.78,0.7829999999999999,0.7879999999999999,0.792,0.8,0.809,0.8240000000000001,0.8220000000000001,0.8270000000000001,0.8290000000000001,0.83,0.843,0.843,0.8490000000000001,0.856,0.862,0.871,0.875,0.878
108,106, Marshall Islands,,,,,,,,,,,,,,,,,,,,,,,,,,,0.708
109,159, Mauritania,0.379,0.387,0.39899999999999997,0.41100000000000003,0.418,0.428,0.42700000000000005,0.435,0.441,0.442,0.442,0.449,0.451,0.461,0.466,0.475,0.47600000000000003,0.47600000000000003,0.484,0.48700000000000004,0.49,0.499,0.508,0.514,0.514,0.516,0.52
110,65, Mauritius,0.626,0.633,0.638,0.643,0.648,0.652,0.6559999999999999,0.662,0.667,0.6729999999999999,0.682,0.687,0.695,0.7040000000000001,0.713,0.72,0.728,0.7340000000000001,0.741,0.7490000000000001,0.758,0.767,0.772,0.782,0.782,0.7879999999999999,0.79
111,74, Mexico,0.654,0.6579999999999999,0.6629999999999999,0.67,0.669,0.677,0.6829999999999999,0.69,0.695,0.7020000000000001,0.705,0.71,0.7170000000000001,0.7240000000000001,0.728,0.736,0.7390000000000001,0.742,0.743,0.743,0.7509999999999999,0.757,0.7559999999999999,0.7609999999999999,0.767,0.772,0.774
112,131, Micronesia (Federated States of),,,,,,,,,,0.552,0.5579999999999999,0.564,0.57,0.575,0.5820000000000001,0.5870000000000001,0.5920000000000001,0.596,0.603,0.608,0.613,0.616,0.619,0.618,0.627,0.627,0.627
113,112, Moldova (Republic of),0.64,0.62,0.618,0.595,0.594,0.591,0.593,0.593,0.595,0.597,0.607,0.617,0.63,0.64,0.648,0.6559999999999999,0.6609999999999999,0.6659999999999999,0.662,0.67,0.677,0.684,0.693,0.696,0.693,0.6970000000000001,0.7
114,92, Mongolia,0.574,0.561,0.547,0.55,0.555,0.561,0.568,0.5760000000000001,0.5820000000000001,0.589,0.6,0.609,0.622,0.637,0.65,0.66,0.672,0.6829999999999999,0.6890000000000001,0.6970000000000001,0.711,0.72,0.7290000000000001,0.7340000000000001,0.737,0.743,0.741
115,50, Montenegro,,,,,,,,,,,,,0.741,0.748,0.753,0.764,0.775,0.7859999999999999,0.7879999999999999,0.7929999999999999,0.7979999999999999,0.8,0.8029999999999999,0.805,0.809,0.81,0.8140000000000001
116,123, Morocco,0.46399999999999997,0.46799999999999997,0.474,0.485,0.489,0.499,0.503,0.51,0.52,0.53,0.541,0.552,0.563,0.5720000000000001,0.58,0.586,0.594,0.602,0.608,0.616,0.626,0.635,0.645,0.65,0.655,0.662,0.667
117,180, Mozambique,0.212,0.20800000000000002,0.214,0.221,0.22899999999999998,0.253,0.266,0.27899999999999997,0.29100000000000004,0.298,0.311,0.318,0.33299999999999996,0.34299999999999997,0.35700000000000004,0.365,0.37799999999999995,0.38799999999999996,0.397,0.40299999999999997,0.40700000000000003,0.41200000000000003,0.423,0.42700000000000005,0.43200000000000005,0.435,0.43700000000000006
118,148, Myanmar,0.366,0.38,0.387,0.39299999999999996,0.39799999999999996,0.40399999999999997,0.41,0.413,0.42100000000000004,0.431,0.44,0.449,0.45899999999999996,0.46799999999999997,0.47700000000000004,0.48700000000000004,0.498,0.509,0.519,0.53,0.54,0.5489999999999999,0.5579999999999999,0.564,0.569,0.574,0.578
119,129, Namibia,0.5820000000000001,0.5870000000000001,0.589,0.591,0.588,0.581,0.575,0.569,0.56,0.5579999999999999,0.557,0.5539999999999999,0.556,0.557,0.556,0.56,0.568,0.575,0.583,0.594,0.607,0.617,0.628,0.636,0.642,0.645,0.647
120,149, Nepal,0.386,0.39399999999999996,0.39799999999999996,0.405,0.41,0.42,0.426,0.43200000000000005,0.439,0.446,0.447,0.457,0.462,0.469,0.475,0.486,0.491,0.502,0.514,0.529,0.535,0.5479999999999999,0.5539999999999999,0.56,0.5660000000000001,0.569,0.574
121,10, Netherlands,0.8340000000000001,0.835,0.8390000000000001,0.8640000000000001,0.861,0.866,0.865,0.867,0.87,0.8759999999999999,0.879,0.878,0.883,0.8859999999999999,0.8909999999999999,0.897,0.904,0.9059999999999999,0.9059999999999999,0.91,0.9209999999999999,0.9209999999999999,0.9229999999999999,0.924,0.9259999999999999,0.9279999999999999,0.9309999999999999
122,16, New Zealand,0.82,0.825,0.836,0.845,0.851,0.8540000000000001,0.86,0.863,0.865,0.8690000000000001,0.873,0.8809999999999999,0.884,0.8859999999999999,0.888,0.8909999999999999,0.894,0.894,0.898,0.899,0.902,0.905,0.907,0.91,0.914,0.915,0.917
123,124, Nicaragua,0.498,0.505,0.509,0.514,0.524,0.534,0.5429999999999999,0.552,0.562,0.57,0.5770000000000001,0.583,0.5870000000000001,0.5920000000000001,0.596,0.6,0.607,0.614,0.615,0.621,0.627,0.633,0.639,0.649,0.652,0.657,0.6579999999999999
124,189, Niger,0.214,0.21600000000000003,0.22,0.22399999999999998,0.22899999999999998,0.235,0.23800000000000002,0.24600000000000002,0.25,0.252,0.258,0.263,0.266,0.27399999999999997,0.28300000000000003,0.289,0.294,0.303,0.308,0.318,0.325,0.336,0.34,0.345,0.34700000000000003,0.35100000000000003,0.354
125,157, Nigeria,,,,,,,,,,,,,0.44299999999999995,0.462,0.465,0.475,0.479,0.485,0.49,0.484,0.494,0.512,0.519,0.524,0.527,0.53,0.532
126,1, Norway,0.856,0.862,0.87,0.885,0.883,0.888,0.894,0.9059999999999999,0.9109999999999999,0.917,0.9159999999999999,0.9179999999999999,0.924,0.934,0.932,0.9359999999999999,0.938,0.938,0.938,0.9420000000000001,0.943,0.9420000000000001,0.946,0.946,0.948,0.951,0.953
127,48, Oman,,,,,,,,,,0.7040000000000001,0.716,0.725,0.736,0.742,0.748,0.752,0.764,0.782,0.789,0.7929999999999999,0.795,0.804,0.812,0.815,0.8220000000000001,0.8220000000000001,0.821
128,150, Pakistan,0.409,0.414,0.418,0.423,0.428,0.433,0.43700000000000006,0.441,0.445,0.45,0.457,0.465,0.473,0.48700000000000004,0.5,0.505,0.513,0.515,0.522,0.526,0.53,0.535,0.5379999999999999,0.5479999999999999,0.551,0.56,0.562
129,60, Palau,,,,,,,,,,0.743,0.747,0.7509999999999999,0.754,0.758,0.76,0.762,0.765,0.764,0.767,0.769,0.775,0.778,0.78,0.7859999999999999,0.7929999999999999,0.7979999999999999,0.7979999999999999
130,119," Palestine, State of",,,,,,,,,,,,,,0.65,0.657,0.6579999999999999,0.6629999999999999,0.66,0.67,0.672,0.677,0.687,0.679,0.679,0.687,0.6890000000000001,0.6859999999999999
131,66, Panama,0.665,0.6729999999999999,0.68,0.684,0.688,0.6940000000000001,0.7,0.708,0.713,0.7190000000000001,0.722,0.728,0.73,0.735,0.7390000000000001,0.7440000000000001,0.7509999999999999,0.755,0.7559999999999999,0.758,0.764,0.7709999999999999,0.7759999999999999,0.7809999999999999,0.7809999999999999,0.785,0.789
132,153, Papua New Guinea,0.38799999999999996,0.39799999999999996,0.41,0.41700000000000004,0.425,0.43200000000000005,0.435,0.441,0.445,0.449,0.456,0.462,0.469,0.47200000000000003,0.479,0.484,0.499,0.503,0.51,0.52,0.529,0.53,0.534,0.536,0.542,0.5429999999999999,0.544
133,110, Paraguay,0.585,0.589,0.596,0.6,0.606,0.613,0.618,0.622,0.625,0.624,0.632,0.642,0.64,0.6459999999999999,0.649,0.649,0.655,0.664,0.659,0.675,0.68,0.68,0.695,0.698,0.7020000000000001,0.7020000000000001,0.7020000000000001
134,89, Peru,0.617,0.617,0.622,0.633,0.643,0.648,0.654,0.665,0.675,0.6779999999999999,0.6859999999999999,0.687,0.6859999999999999,0.693,0.698,0.695,0.703,0.7120000000000001,0.715,0.7170000000000001,0.7290000000000001,0.7290000000000001,0.736,0.746,0.745,0.748,0.75
135,113, Philippines,0.5870000000000001,0.589,0.591,0.595,0.598,0.606,0.611,0.615,0.62,0.624,0.628,0.633,0.637,0.647,0.65,0.6509999999999999,0.657,0.6609999999999999,0.659,0.665,0.67,0.677,0.685,0.6890000000000001,0.693,0.696,0.6990000000000001
136,33, Poland,0.711,0.7140000000000001,0.725,0.7340000000000001,0.74,0.748,0.759,0.769,0.778,0.785,0.7909999999999999,0.799,0.804,0.802,0.8079999999999999,0.8140000000000001,0.8190000000000001,0.8240000000000001,0.828,0.835,0.8390000000000001,0.836,0.85,0.8420000000000001,0.855,0.86,0.865
137,41, Portugal,0.72,0.732,0.745,0.753,0.76,0.767,0.773,0.78,0.779,0.785,0.79,0.792,0.7959999999999999,0.797,0.8,0.8029999999999999,0.81,0.8140000000000001,0.8170000000000001,0.8220000000000001,0.826,0.8290000000000001,0.8370000000000001,0.8390000000000001,0.8420000000000001,0.845,0.847
138,37, Qatar,0.7509999999999999,0.753,0.764,0.775,0.784,0.7959999999999999,0.8,0.804,0.8079999999999999,0.81,0.8109999999999999,0.816,0.823,0.826,0.831,0.8270000000000001,0.83,0.835,0.833,0.825,0.836,0.8440000000000001,0.8540000000000001,0.853,0.8540000000000001,0.855,0.856
139,52, Romania,0.6859999999999999,0.6779999999999999,0.6779999999999999,0.6809999999999999,0.687,0.695,0.696,0.698,0.7040000000000001,0.7090000000000001,0.715,0.7240000000000001,0.7340000000000001,0.746,0.755,0.767,0.7809999999999999,0.795,0.7979999999999999,0.797,0.7979999999999999,0.795,0.8,0.802,0.805,0.807,0.8109999999999999
140,49, Russian Federation,0.7290000000000001,0.718,0.71,0.7020000000000001,0.7,0.701,0.7040000000000001,0.703,0.7090000000000001,0.72,0.727,0.732,0.74,0.746,0.752,0.759,0.767,0.774,0.7709999999999999,0.78,0.789,0.7979999999999999,0.804,0.807,0.813,0.815,0.816
141,158, Rwanda,0.22699999999999998,0.213,0.209,0.19899999999999998,0.23399999999999999,0.262,0.28800000000000003,0.302,0.32,0.335,0.345,0.361,0.374,0.391,0.408,0.429,0.445,0.455,0.47,0.485,0.493,0.5,0.503,0.509,0.51,0.52,0.524
142,72, Saint Kitts and Nevis,,,,,,,,,,,,,,,0.727,0.73,0.733,0.738,0.74,0.745,0.7509999999999999,0.7559999999999999,0.763,0.77,0.773,0.774,0.778
143,90, Saint Lucia,,,,,,,,,,0.69,0.687,0.6890000000000001,0.6920000000000001,0.695,0.7,0.711,0.713,0.7190000000000001,0.7240000000000001,0.731,0.7340000000000001,0.73,0.733,0.737,0.7440000000000001,0.745,0.747
144,99, Saint Vincent and the Grenadines,,,,,,,,,,0.6729999999999999,0.677,0.682,0.6890000000000001,0.6920000000000001,0.6970000000000001,0.7040000000000001,0.7090000000000001,0.71,0.713,0.715,0.7170000000000001,0.718,0.721,0.72,0.72,0.721,0.723
145,104, Samoa,0.622,0.624,0.63,0.611,0.618,0.628,0.63,0.636,0.642,0.647,0.654,0.659,0.6629999999999999,0.669,0.6729999999999999,0.675,0.6809999999999999,0.685,0.687,0.693,0.6970000000000001,0.6970000000000001,0.7,0.703,0.706,0.711,0.713
146,143, Sao Tome and Principe,0.455,0.45799999999999996,0.462,0.466,0.469,0.474,0.47700000000000004,0.48100000000000004,0.486,0.49,0.496,0.499,0.505,0.51,0.517,0.526,0.53,0.53,0.5379999999999999,0.542,0.5479999999999999,0.551,0.56,0.5670000000000001,0.58,0.584,0.589
147,39, Saudi Arabia,0.706,0.711,0.7140000000000001,0.718,0.722,0.727,0.731,0.736,0.738,0.743,0.746,0.748,0.7559999999999999,0.765,0.77,0.777,0.7829999999999999,0.7909999999999999,0.7959999999999999,0.8079999999999999,0.823,0.835,0.8440000000000001,0.852,0.8540000000000001,0.8540000000000001,0.853
148,164, Senegal,0.36700000000000005,0.368,0.36700000000000005,0.366,0.368,0.369,0.37,0.373,0.375,0.38,0.395,0.4,0.40700000000000003,0.415,0.42200000000000004,0.42700000000000005,0.436,0.445,0.449,0.456,0.467,0.47600000000000003,0.48100000000000004,0.486,0.49200000000000005,0.499,0.505
149,67, Serbia,0.715,0.7020000000000001,0.685,0.6890000000000001,0.695,0.6990000000000001,0.705,0.708,0.7040000000000001,0.711,0.716,0.72,0.726,0.7340000000000001,0.742,0.747,0.7509999999999999,0.757,0.759,0.759,0.769,0.768,0.7709999999999999,0.775,0.78,0.785,0.787
150,62, Seychelles,,,,,,,,,,0.718,0.7140000000000001,0.716,0.7170000000000001,0.715,0.73,0.72,0.741,0.741,0.741,0.747,0.741,0.77,0.779,0.7859999999999999,0.7909999999999999,0.7929999999999999,0.797
151,184, Sierra Leone,0.267,0.264,0.26899999999999996,0.271,0.27399999999999997,0.26899999999999996,0.268,0.272,0.276,0.284,0.299,0.315,0.325,0.33399999999999996,0.342,0.35,0.363,0.373,0.381,0.385,0.392,0.40700000000000003,0.419,0.423,0.413,0.413,0.419
152,9, Singapore,0.7290000000000001,0.74,0.7509999999999999,0.763,0.773,0.782,0.7929999999999999,0.7979999999999999,0.809,0.8190000000000001,0.8220000000000001,0.83,0.838,0.845,0.868,0.871,0.878,0.883,0.884,0.909,0.914,0.92,0.9229999999999999,0.9279999999999999,0.929,0.93,0.932
153,38, Slovakia,0.7340000000000001,0.733,0.737,0.743,0.7509999999999999,0.754,0.757,0.763,0.762,0.764,0.764,0.7709999999999999,0.777,0.785,0.794,0.8029999999999999,0.8140000000000001,0.8220000000000001,0.8240000000000001,0.8290000000000001,0.8370000000000001,0.8420000000000001,0.8440000000000001,0.845,0.851,0.853,0.855
154,25, Slovenia,0.765,0.7659999999999999,0.769,0.775,0.782,0.7879999999999999,0.7959999999999999,0.805,0.8190000000000001,0.825,0.835,0.843,0.85,0.857,0.861,0.8690000000000001,0.873,0.878,0.878,0.882,0.884,0.877,0.885,0.887,0.889,0.894,0.8959999999999999
155,152, Solomon Islands,,,,,,,,,0.46299999999999997,0.45,0.455,0.462,0.469,0.47700000000000004,0.48700000000000004,0.49700000000000005,0.505,0.504,0.49700000000000005,0.507,0.514,0.529,0.539,0.539,0.546,0.5429999999999999,0.546
156,113, South Africa,0.626,0.635,0.6409999999999999,0.645,0.649,0.647,0.644,0.639,0.634,0.63,0.61,0.617,0.615,0.613,0.614,0.616,0.621,0.633,0.642,0.649,0.657,0.664,0.675,0.685,0.6920000000000001,0.696,0.6990000000000001
157,187, South Sudan,,,,,,,,,,,,,,,,,,,,0.413,0.41600000000000004,0.38799999999999996,0.392,0.397,0.39899999999999997,0.39399999999999996,0.38799999999999996
158,26, Spain,0.764,0.772,0.782,0.7909999999999999,0.8,0.8059999999999999,0.81,0.8140000000000001,0.8190000000000001,0.825,0.828,0.83,0.833,0.8370000000000001,0.8440000000000001,0.848,0.853,0.856,0.858,0.865,0.87,0.873,0.875,0.88,0.885,0.889,0.8909999999999999
159,76, Sri Lanka,0.63,0.635,0.637,0.6459999999999999,0.65,0.655,0.662,0.6679999999999999,0.6759999999999999,0.685,0.691,0.6970000000000001,0.705,0.711,0.718,0.7240000000000001,0.73,0.738,0.74,0.745,0.7509999999999999,0.757,0.759,0.763,0.7659999999999999,0.768,0.77
160,167, Sudan,0.336,0.345,0.35200000000000004,0.359,0.366,0.375,0.384,0.39,0.396,0.402,0.408,0.414,0.42,0.429,0.436,0.446,0.451,0.46299999999999997,0.46799999999999997,0.47,0.474,0.485,0.475,0.49200000000000005,0.49700000000000005,0.499,0.502
161,100, Suriname,,,,,,,,,,,,,,0.6709999999999999,0.6759999999999999,0.6809999999999999,0.687,0.691,0.677,0.703,0.706,0.711,0.715,0.718,0.722,0.7190000000000001,0.72
162,7, Sweden,0.818,0.821,0.84,0.8490000000000001,0.856,0.863,0.8740000000000001,0.888,0.893,0.897,0.9,0.902,0.9079999999999999,0.8959999999999999,0.899,0.902,0.905,0.9009999999999999,0.899,0.905,0.9059999999999999,0.9079999999999999,0.912,0.92,0.929,0.932,0.9329999999999999
163,2, Switzerland,0.8340000000000001,0.836,0.841,0.8440000000000001,0.848,0.8540000000000001,0.8640000000000001,0.873,0.8809999999999999,0.889,0.8909999999999999,0.8909999999999999,0.8959999999999999,0.9009999999999999,0.905,0.912,0.915,0.917,0.927,0.932,0.932,0.935,0.938,0.9390000000000001,0.9420000000000001,0.943,0.9440000000000001
164,155, Syrian Arab Republic,0.562,0.568,0.5710000000000001,0.5760000000000001,0.579,0.583,0.5870000000000001,0.59,0.589,0.59,0.597,0.6,0.61,0.623,0.635,0.643,0.649,0.6459999999999999,0.648,0.644,0.642,0.631,0.5720000000000001,0.55,0.5379999999999999,0.536,0.536
165,127, Tajikistan,0.618,0.597,0.579,0.5579999999999999,0.55,0.534,0.5379999999999999,0.541,0.544,0.55,0.5579999999999999,0.568,0.578,0.5870000000000001,0.593,0.599,0.604,0.618,0.62,0.634,0.637,0.642,0.6459999999999999,0.645,0.645,0.647,0.65
166,154, Tanzania (United Republic of),0.371,0.37,0.37,0.369,0.371,0.37200000000000005,0.375,0.381,0.38799999999999996,0.395,0.40299999999999997,0.413,0.423,0.434,0.44799999999999995,0.45799999999999996,0.46799999999999997,0.47700000000000004,0.486,0.493,0.499,0.506,0.507,0.515,0.528,0.5329999999999999,0.5379999999999999
167,83, Thailand,0.583,0.589,0.597,0.604,0.611,0.619,0.625,0.63,0.64,0.649,0.657,0.6659999999999999,0.674,0.6829999999999999,0.693,0.6990000000000001,0.71,0.7140000000000001,0.718,0.7240000000000001,0.727,0.731,0.728,0.735,0.741,0.748,0.755
168,80, The former Yugoslav Republic of Macedonia,,,,,,,,,,0.669,0.6729999999999999,0.679,0.6859999999999999,0.693,0.7020000000000001,0.708,0.7120000000000001,0.728,0.731,0.735,0.738,0.74,0.743,0.747,0.754,0.7559999999999999,0.757
169,132, Timor-Leste,,,,,,,,,,0.507,0.513,0.523,0.525,0.519,0.496,0.536,0.581,0.599,0.61,0.619,0.624,0.599,0.614,0.61,0.63,0.631,0.625
170,165, Togo,0.408,0.39899999999999997,0.39,0.396,0.409,0.41700000000000004,0.424,0.423,0.424,0.425,0.426,0.42700000000000005,0.431,0.434,0.436,0.44299999999999995,0.441,0.44,0.449,0.456,0.46299999999999997,0.466,0.47200000000000003,0.48100000000000004,0.495,0.5,0.503
171,98, Tonga,0.654,0.6559999999999999,0.66,0.6679999999999999,0.6709999999999999,0.6709999999999999,0.6709999999999999,0.674,0.6759999999999999,0.6729999999999999,0.677,0.6829999999999999,0.6920000000000001,0.693,0.693,0.695,0.698,0.7020000000000001,0.706,0.7120000000000001,0.716,0.7170000000000001,0.716,0.7170000000000001,0.721,0.7240000000000001,0.726
172,69, Trinidad and Tobago,0.6729999999999999,0.6729999999999999,0.675,0.679,0.6829999999999999,0.69,0.6970000000000001,0.7040000000000001,0.711,0.716,0.721,0.728,0.737,0.746,0.752,0.757,0.768,0.773,0.772,0.775,0.773,0.774,0.779,0.779,0.7829999999999999,0.785,0.784
173,95, Tunisia,0.575,0.583,0.589,0.6,0.607,0.616,0.623,0.634,0.645,0.653,0.6609999999999999,0.6659999999999999,0.6729999999999999,0.682,0.6890000000000001,0.695,0.701,0.7070000000000001,0.71,0.716,0.718,0.7190000000000001,0.723,0.725,0.728,0.732,0.735
174,64, Turkey,0.583,0.589,0.597,0.599,0.607,0.615,0.624,0.635,0.643,0.655,0.662,0.672,0.679,0.685,0.69,0.701,0.708,0.71,0.718,0.7340000000000001,0.753,0.76,0.7709999999999999,0.778,0.7829999999999999,0.787,0.7909999999999999
175,108, Turkmenistan,,,,,,,,,,,,,,,,,,,,0.6729999999999999,0.68,0.6859999999999999,0.6920000000000001,0.6970000000000001,0.701,0.705,0.706
176,162, Uganda,0.311,0.305,0.312,0.315,0.321,0.33799999999999997,0.353,0.368,0.384,0.39799999999999996,0.406,0.42100000000000004,0.43,0.43,0.43700000000000006,0.449,0.45899999999999996,0.47,0.47700000000000004,0.486,0.49,0.49200000000000005,0.496,0.5,0.505,0.508,0.516
177,88, Ukraine,0.701,0.6920000000000001,0.6809999999999999,0.6679999999999999,0.664,0.6609999999999999,0.6629999999999999,0.665,0.667,0.6709999999999999,0.6809999999999999,0.6890000000000001,0.6990000000000001,0.706,0.715,0.721,0.7290000000000001,0.733,0.727,0.733,0.738,0.743,0.745,0.748,0.743,0.746,0.7509999999999999
178,34, United Arab Emirates,0.738,0.742,0.748,0.7559999999999999,0.764,0.7709999999999999,0.778,0.785,0.7909999999999999,0.7979999999999999,0.8029999999999999,0.8079999999999999,0.813,0.818,0.825,0.83,0.835,0.838,0.835,0.836,0.841,0.846,0.851,0.855,0.86,0.862,0.863
179,14, United Kingdom,0.7879999999999999,0.8009999999999999,0.8140000000000001,0.8270000000000001,0.8390000000000001,0.8440000000000001,0.8490000000000001,0.855,0.861,0.867,0.871,0.8740000000000001,0.878,0.8859999999999999,0.8909999999999999,0.889,0.892,0.8959999999999999,0.899,0.905,0.899,0.898,0.915,0.919,0.9179999999999999,0.92,0.922
180,13, United States,0.861,0.867,0.871,0.875,0.877,0.879,0.8809999999999999,0.884,0.885,0.885,0.887,0.889,0.893,0.895,0.898,0.9009999999999999,0.905,0.91,0.91,0.914,0.917,0.9179999999999999,0.9159999999999999,0.9179999999999999,0.92,0.922,0.924
181,55, Uruguay,0.6970000000000001,0.7,0.703,0.7090000000000001,0.711,0.7170000000000001,0.727,0.735,0.737,0.742,0.746,0.747,0.75,0.754,0.7559999999999999,0.7609999999999999,0.762,0.7659999999999999,0.778,0.773,0.782,0.79,0.797,0.8009999999999999,0.8,0.802,0.804
182,105, Uzbekistan,,,,,,,,,,0.595,0.602,0.609,0.614,0.621,0.628,0.634,0.6459999999999999,0.653,0.659,0.6659999999999999,0.674,0.6829999999999999,0.69,0.695,0.698,0.703,0.71
183,138, Vanuatu,,,,,,,,,,,,,,,0.5720000000000001,0.579,0.5820000000000001,0.589,0.59,0.591,0.5920000000000001,0.5920000000000001,0.597,0.598,0.599,0.6,0.603
184,78, Venezuela (Bolivarian Republic of),0.644,0.6509999999999999,0.653,0.654,0.6579999999999999,0.66,0.664,0.667,0.67,0.672,0.68,0.688,0.687,0.7,0.7140000000000001,0.727,0.7440000000000001,0.753,0.753,0.759,0.7709999999999999,0.774,0.7759999999999999,0.778,0.775,0.7659999999999999,0.7609999999999999
185,116, Viet Nam,0.484,0.496,0.506,0.517,0.529,0.54,0.539,0.5589999999999999,0.5670000000000001,0.579,0.5870000000000001,0.595,0.603,0.612,0.616,0.624,0.632,0.64,0.6559999999999999,0.654,0.664,0.67,0.675,0.6779999999999999,0.684,0.6890000000000001,0.6940000000000001
186,178, Yemen,0.40299999999999997,0.405,0.408,0.409,0.415,0.42200000000000004,0.42700000000000005,0.431,0.434,0.44299999999999995,0.45,0.456,0.46299999999999997,0.469,0.474,0.479,0.48200000000000004,0.485,0.491,0.498,0.499,0.505,0.507,0.505,0.483,0.462,0.452
187,144, Zambia,0.402,0.40299999999999997,0.409,0.408,0.41200000000000003,0.41600000000000004,0.419,0.42,0.426,0.43200000000000005,0.44,0.449,0.46,0.469,0.48,0.49200000000000005,0.503,0.517,0.5329999999999999,0.544,0.556,0.569,0.574,0.58,0.583,0.586,0.588
188,156, Zimbabwe,0.494,0.48100000000000004,0.47600000000000003,0.473,0.467,0.466,0.45899999999999996,0.45299999999999996,0.44799999999999995,0.44,0.442,0.435,0.428,0.428,0.43,0.435,0.442,0.439,0.45,0.467,0.478,0.505,0.516,0.525,0.529,0.532,0.535
